  0.00947666822952607  0.01624064824658160  0.02486864170354050  0.03544486991613462
  0.04555425030134468  0.05564094098324919  0.06558141529317854  0.07549050766883884
  0.08555385256244373  0.09586436515183054  0.10622259825360174  0.11659708270316047
  0.12714780459583017  0.13815450885866415  0.14908402086514441  0.15941767650411867
  0.16995397656644604  0.18049891735943921  0.19116719808042834  0.20144351937646304
  0.21194109519766230  0.22244665040996492  0.23287612086885881  0.24321394450761205
  0.25351548474889096  0.26383460886755483  0.27419440497050213  0.28458992459373639
  0.29507469930743219  0.30558427132408855  0.31619819191783738  0.32662554567219015
  0.33693097615118356  0.34709118222479346  0.35738417931537875  0.36766870730052731
  0.37803189182259778  0.38863779219515970  0.39929332236727083  0.40994931311009380
  0.42047249356264188  0.43097700572098679  0.44141945407602573  0.45179058714804904
  0.46211291803367882  0.47246939791794207  0.48288241512340319  0.49342229801178772
  0.50391962296033432  0.51432917031915049  0.52462642181096120  0.53480053720275900
  0.54497179095634052  0.55524411361619774  0.56567818946901605  0.57619504785129771
  0.58681245793157089  0.59757354029712351  0.60851532489283400  0.61945687725445209
  0.63026864505186153  0.64095552803989675  0.65149516803011076  0.66200012361446015
  0.67242503600643277  0.68282186317789906  0.69334312941134368  0.70383738446703548
  0.71417733332746980  0.72442060108895334  0.73463798653834300  0.74487671147499857
  0.75500324693837961  0.76505993446646958  0.77503758290524305  0.78504047110942843
  0.79504373696080988  0.80505399293102597  0.81500610611983726  0.82492661248578381
  0.83493853498947002  0.84516619503321044  0.85543404098148468  0.86570135132496173
  0.87593321656016387  0.88616515084578029  0.89644861292587152  0.90684689630544602
  0.91739915478160394  0.92775654600177315  0.93803517543714232  0.94829123591167075
  0.95853350876851817  0.96906659365903858  0.97958496537307271  1.00000000000000000
  0.00956712532121332  0.01566564254532276  0.02522903412664665  0.03589626807261279
  0.04621797613841305  0.05635071151560854  0.06647441122774266  0.07664112664295984
  0.08691241954299248  0.09734022158301152  0.10781271251032852  0.11824795407001359
  0.12885660199164328  0.13960425486363637  0.15030257289523061  0.16093731942329514
  0.17154556028517412  0.18205028137775098  0.19237457281116205  0.20252607087350477
  0.21276114893574585  0.22313784231245878  0.23357005746568318  0.24416461533746825
  0.25495637104544394  0.26593280959245963  0.27670626693649475  0.28731874737061830
  0.29801677976478103  0.30880768086813531  0.31950421432288312  0.32996769163360112
  0.34050038863992493  0.35116110057453270  0.36185683932485979  0.37239095587414184
  0.38296375468007704  0.39348347402928346  0.40393628714336588  0.41420705882293662
  0.42460023579097955  0.43517395704791745  0.44601737525245316  0.45698466652684439
  0.46778520531314199  0.47845976685594027  0.48905856026889905  0.49968089006977423
  0.51010324390031847  0.52050135372937345  0.53097516964324432  0.54148293002727832
  0.55212627494328503  0.56287144898269603  0.57367935760701916  0.58442288037517509
  0.59501562507533512  0.60554825913904142  0.61616391370091694  0.62682203769387490
  0.63745279314259173  0.64801513536650712  0.65841578842071447  0.66869164259802161
  0.67867116656803061  0.68855101570091493  0.69849493142051389  0.70856697074125119
  0.71893687115031080  0.72930435511873970  0.73965191785127482  0.74985894049122115
  0.76016369469116241  0.77059209029332454  0.78089114154588246  0.79122954201285733
  0.80154131500319203  0.81193868465757346  0.82242239945681483  0.83300518557545700
  0.84375953946529836  0.85449975932894606  0.86516911565340082  0.87599027639540084
  0.88684729619969183  0.89750330846154447  0.90817926489045708  0.91881138698179343
  0.92960726359115287  0.94020330397091967  0.95074784883561891  0.96119213082124344
  0.97126278982666470  0.98138027394186900  0.99147408014550498  1.00000000000000000
 -0.00250341963652422  0.00930901891172035  0.01954460091359654  0.03074388283912987
  0.04164045112321497  0.05226637352536306  0.06274837307293601  0.07308259543716056
  0.08345020064938649  0.09357106559665679  0.10399549385001257  0.11470004485880922
  0.12546310814962025  0.13589128563803143  0.14597905358734461  0.15614483861441047
  0.16643452591260688  0.17686729637367368  0.18729452529617166  0.19779094810021811
  0.20818893363621985  0.21871663814629907  0.22940704810267787  0.23977252947694358
  0.25028066472206756  0.26079328269269120  0.27187692708244765  0.28284319869199215
  0.29404623992294848  0.30490172216925515  0.31558561306969207  0.32599654872890249
  0.33650497498219528  0.34724886892363849  0.35788129598016166  0.36841896676074454
  0.37887529358972344  0.38939366617088611  0.39975608928221035  0.41026903392355712
  0.42096165191498630  0.43192568549239824  0.44264235403027435  0.45323961477239416
  0.46355878629014663  0.47373984114158124  0.48411265858888369  0.49456265957818979
  0.50518327210431868  0.51590937418366778  0.52673835667552082  0.53742386617882154
  0.54796067649093283  0.55841334633570328  0.56873382354004165  0.57894095087845587
  0.58913059023581948  0.59939454270931936  0.60976535775135654  0.62035578848960837
  0.63115264213023725  0.64199953648020980  0.65255598426519701  0.66304341815490853
  0.67363338680155394  0.68442695268812359  0.69507608624119177  0.70548855594838777
  0.71593346612781017  0.72657164667385010  0.73727180761155919  0.74807303854555784
  0.75852612857929558  0.76884249776204949  0.77891846302738954  0.78926917694874943
  0.79947954150246536  0.80975384359751812  0.81994862050030359  0.83040768753574368
  0.84091496706771018  0.85156804732854041  0.86220010677341030  0.87276632100802187
  0.88349506571101510  0.89404236592851527  0.90474475532973320  0.91527569154590194
  0.92581239305870600  0.93624220234238253  0.94693828236302735  0.95777547052587164
  0.96814971813320816  0.97841938710281373  0.98906642181668047  1.00000000000000000
 -0.00206212833822279  0.00943532696368199  0.01937306106415287  0.02944893789335431
  0.03993132668193044  0.05062481163613247  0.06134052142240014  0.07202682090965556
  0.08257494255867376  0.09332746065755269  0.10397077592460670  0.11455185174172990
  0.12506970034562293  0.13575698513605103  0.14626635718252479  0.15695965347741908
  0.16733626065006152  0.17787076503948476  0.18839928831830635  0.19878663420453960
  0.20953738816380563  0.22010397489458744  0.23061068548339009  0.24101921229775222
  0.25143041050077314  0.26198189913540215  0.27256130076826551  0.28320866473077727
  0.29408268858569625  0.30511410648606496  0.31608970420352384  0.32698776801344343
  0.33784009092406148  0.34863991312599996  0.35914762662047656  0.36936406625696627
  0.37985783382465649  0.39039430735820568  0.40135523107350807  0.41211415501563731
  0.42286983735398281  0.43353458824278068  0.44422368690577702  0.45483953623585921
  0.46537521040056151  0.47573164511291888  0.48607132647202411  0.49649965597452866
  0.50724374786902127  0.51812501330782912  0.52880061575798987  0.53940944482298647
  0.55023163944771303  0.56105150466905351  0.57163372870410079  0.58211050600110792
  0.59259503256586765  0.60299037380707143  0.61306390879498296  0.62321573741744751
  0.63369906334172366  0.64421975405906184  0.65478254587592433  0.66531384812448491
  0.67608915786074641  0.68685158381560329  0.69740363741045397  0.70791791544820470
  0.71806381392785334  0.72836127388738325  0.73874551409260747  0.74936490214970164
  0.75953246938251207  0.76967925201745535  0.77977639335888116  0.78997358523554895
  0.80012097906222202  0.81022509971322565  0.82033977955441018  0.83050979543516168
  0.84088690013180067  0.85159670115159680  0.86223666978257940  0.87276762304282751
  0.88328291981071905  0.89385035925209044  0.90456005549178176  0.91504530070125623
  0.92559534238657393  0.93603227015566437  0.94656570402674101  0.95700483584846086
  0.96753239775902311  0.97807829533897672  0.98902453694846804  1.00000000000000000
 -0.00237771945048261  0.01018402653283172  0.02100546727940925  0.03190819480583212
  0.04291337730925020  0.05378961545080936  0.06450097958147530  0.07515907722792900
  0.08582550140610180  0.09663031825839244  0.10713513278891131  0.11750048368660983
  0.12776747797387683  0.13816192239814867  0.14849668194014559  0.15900745590291085
  0.16947823050355040  0.18033850154454625  0.19100484189574066  0.20190789239944590
  0.21275921671266823  0.22368329798225262  0.23428430526516877  0.24478434685582739
  0.25516196232613830  0.26560731125310688  0.27609007585643769  0.28672710402431378
  0.29730754401327558  0.30808416984469966  0.31887590232367097  0.32995103006311144
  0.34067226008820811  0.35131844521076144  0.36160787687667267  0.37186888621386699
  0.38232910952720689  0.39288979600223922  0.40321852159336530  0.41333832387582803
  0.42356795025875893  0.43415638729606665  0.44491608580787279  0.45574480968361220
  0.46652389264443439  0.47741286814683609  0.48804646311357591  0.49881534155353568
  0.50940690951756895  0.51996756007595457  0.53030801057170329  0.54069722378027818
  0.55115591462488844  0.56160806787800011  0.57213349215237086  0.58279158818070009
  0.59367032342631798  0.60457254131870997  0.61533403336636139  0.62580402424814929
  0.63600878202265643  0.64602028553614976  0.65603176390853069  0.66599963196618195
  0.67598405410538975  0.68602389472376479  0.69625203887046638  0.70656696404854735
  0.71691727063880195  0.72720186996614422  0.73776859538494843  0.74852164214781380
  0.75923105375191036  0.76972898940845214  0.78007535931215510  0.79046243134540017
  0.80065514523017944  0.81074388919829787  0.82117109286592049  0.83191120883267600
  0.84257869953240616  0.85315733051979015  0.86369626135771815  0.87426429424987506
  0.88466973973519425  0.89499412751636476  0.90536934556576987  0.91569323966427318
  0.92619840378457308  0.93668545480494514  0.94724209454394237  0.95772261682406501
  0.96831169791571980  0.97888127731801855  0.98943447690791109  1.00000000000000000
 -0.00252392469497562  0.00961255167388351  0.01988814748793619  0.03007596544213281
  0.04018238503355548  0.05016879268382382  0.06033381028018416  0.07083695761691462
  0.08129477974195035  0.09203156397008426  0.10266416653193822  0.11313764713875822
  0.12368181960124330  0.13435235512101437  0.14524183538178970  0.15623853339282651
  0.16708146123956438  0.17803481465285997  0.18892962261605176  0.20002277619703579
  0.21095526694033179  0.22175783581504352  0.23248316010083919  0.24325552377079246
  0.25394130901335682  0.26457094878743664  0.27500800608333825  0.28518107202022863
  0.29541989648284822  0.30570999494110052  0.31619234769201099  0.32675131219036663
  0.33739681002788835  0.34797984595955822  0.35851476904699842  0.36907989315199324
  0.37970297084436105  0.39037986357585353  0.40097820948125518  0.41138438197476290
  0.42157926362651243  0.43188749251191683  0.44227931674768395  0.45286009952652306
  0.46337196591738994  0.47405544379816417  0.48486504506725042  0.49550385183637352
  0.50602054685189057  0.51646824899211419  0.52687695324353334  0.53739808378476994
  0.54791155876177067  0.55860705373196928  0.56910727161282393  0.57945082538176018
  0.58968418413905210  0.60010428022108420  0.61051524012305391  0.62101188696162213
  0.63165377059367145  0.64215132519606299  0.65264161958248101  0.66308496322133459
  0.67379007080372599  0.68449126842130603  0.69506771865065264  0.70569866173485252
  0.71639407196415572  0.72727856479605213  0.73807288763593792  0.74898575814808732
  0.75979453577665745  0.77055809205324655  0.78118875101799279  0.79169643787000221
  0.80208561032439163  0.81250211782057025  0.82293265925597614  0.83342042258279148
  0.84377784984558957  0.85406352836359967  0.86440366837303673  0.87477392263883380
  0.88527752212060062  0.89579641073778482  0.90617540988818202  0.91662662883109991
  0.92704249477050682  0.93738504281927959  0.94770023940992432  0.95807101197804656
  0.96843704496806149  0.97899686876309988  0.98939173023364502  1.00000000000000000
 -0.00223013810358101  0.00981758621386881  0.01997389273626635  0.03026749696750472
  0.04065505204119321  0.05097015781435399  0.06134098106305844  0.07148515809729075
  0.08153621718507162  0.09170819746316193  0.10190347346246384  0.11242676216996261
  0.12268368823542458  0.13299951630430926  0.14314803021122863  0.15337358352100444
  0.16359565913207727  0.17375602736183701  0.18404596617455837  0.19443531058842028
  0.20490472770333998  0.21543311832958120  0.22587104887679341  0.23616040946539385
  0.24631386173501613  0.25648212704475110  0.26664241165496533  0.27687271596931723
  0.28720193850946713  0.29774801687337327  0.30835341234387253  0.31884639361519146
  0.32920928962476764  0.33962539159298910  0.35017434117936974  0.36057071467281587
  0.37078890978654844  0.38108176316112108  0.39153416847289840  0.40193767162630278
  0.41230080747872649  0.42281291414421585  0.43356785780665086  0.44442488949958303
  0.45535148344268167  0.46612943434216725  0.47692519163216801  0.48787006781184189
  0.49870523812040379  0.50924660400875255  0.51994314748065129  0.53096839380931349
  0.54218011884647987  0.55318409227449206  0.56403054642989003  0.57473934235400193
  0.58565096440751074  0.59616475319207596  0.60699157980333540  0.61766490318100420
  0.62845470877367449  0.63919678262804025  0.64973987854245718  0.66018571198512177
  0.67068058968249633  0.68151893515989004  0.69252623550723502  0.70334632596416091
  0.71413837016151216  0.72462639590013744  0.73499594860633044  0.74512815689501266
  0.75547314016812372  0.76587375641729083  0.77648361559478896  0.78717925291263313
  0.79810418083178181  0.80887524875014971  0.81965555715832528  0.83024255663035806
  0.84079449793231509  0.85145989655770093  0.86218285123308525  0.87298518621387722
  0.88386839255360194  0.89454987414548137  0.90536111873212266  0.91614980355950759
  0.92689718007398247  0.93784126709591098  0.94827500820077426  0.95885423052431085
  0.96911759697809285  0.97948016279852690  0.98974293189672835  1.00000000000000000
 -0.00204470774527210  0.00966298479659741  0.01969005730698994  0.03003864492309054
  0.04035296966242177  0.05078553322204000  0.06107130917393713  0.07174981942038193
  0.08218784156194207  0.09281149047646209  0.10321187698020243  0.11391496846982531
  0.12478521736027742  0.13535369411193793  0.14575387692580932  0.15619845258832962
  0.16665621394165939  0.17720585398653360  0.18762533899567430  0.19837495354773255
  0.20927556552811513  0.22006503164083785  0.23074198369440657  0.24129130449286565
  0.25178610030802651  0.26179735292632678  0.27206063167832356  0.28263684535800732
  0.29323809585847227  0.30369865488487813  0.31420571723625018  0.32492431550051593
  0.33538930675285833  0.34568332998838913  0.35605705931745213  0.36640921539981763
  0.37674910840527737  0.38718906582988127  0.39765861985341755  0.40824609531428352
  0.41899791944630521  0.42995483928484901  0.44096326720453999  0.45163718841941236
  0.46219688652208046  0.47288764223300522  0.48360536668483778  0.49439825132578258
  0.50512318881353613  0.51595150065646322  0.52678943026921099  0.53743211164336357
  0.54815685955265447  0.55895415657418768  0.56964009990798936  0.58003789682877638
  0.59029037059916500  0.60068111290923232  0.61114383641712011  0.62151138489866420
  0.63189280380456680  0.64255284663276202  0.65318728732004661  0.66407820643201099
  0.67499679518118094  0.68594535211872321  0.69646991032111194  0.70691312202345535
  0.71748519999231075  0.72800752320832551  0.73841299233854851  0.74876090212615332
  0.75938220065916573  0.76990997826223673  0.78036717965404878  0.79074785167664163
  0.80117213569845647  0.81162911987932729  0.82182463400018912  0.83184863165480205
  0.84182448279848254  0.85171686924711176  0.86174262293547166  0.87196275396742762
  0.88229257773854541  0.89271536364549620  0.90306383650771205  0.91365758863287805
  0.92468407688292498  0.93590429978881540  0.94676211946584488  0.95736925318370114
  0.96795851534843924  0.97865881028702528  0.98927453623922224  1.00000000000000000
 -0.00221678497277009  0.00992903183811566  0.02064600358808661  0.03172148698699456
  0.04266737670779555  0.05333788709765813  0.06373343726891276  0.07404509710103696
  0.08434096587263175  0.09480404268308036  0.10547322055131807  0.11626767076642369
  0.12710211851509928  0.13809661469673085  0.14885844474001919  0.15957043688195879
  0.17004575838004765  0.18068433351318475  0.19108728993594931  0.20166248352172567
  0.21249141493947862  0.22368337271196062  0.23435777539270747  0.24451123738736710
  0.25459706955165279  0.26492364606437852  0.27528008932855269  0.28564976168245326
  0.29624245764620688  0.30702026044078146  0.31761576378068290  0.32791465384055624
  0.33812354075196904  0.34848443168372661  0.35893674614704063  0.36965270497384689
  0.38053055463625735  0.39126228845801903  0.40165306165989711  0.41182021493707305
  0.42213649778227774  0.43264997671517524  0.44318741913341780  0.45363667099720850
  0.46406767893875911  0.47457459987274336  0.48500134968163056  0.49547926931602848
  0.50607853116490498  0.51677950671143991  0.52727716259718049  0.53756087438234168
  0.54789369175231972  0.55828844431073998  0.56860195180630946  0.57879025233409898
  0.58911725175141283  0.59957428088348352  0.61008605150980211  0.62058897812739910
  0.63103603877512893  0.64162862240877405  0.65215863910078919  0.66247798914422640
  0.67268663082113600  0.68290531231780427  0.69323036687326745  0.70375596347905744
  0.71427375978541985  0.72488164703296909  0.73547351326383181  0.74605619775328380
  0.75672140726756221  0.76705926556450732  0.77747616258426233  0.78823490561359222
  0.79899586805913891  0.80973546252711148  0.82008367870093213  0.83075168749339112
  0.84150157259402392  0.85214669971532775  0.86283405900926957  0.87354998167460507
  0.88454107804222470  0.89542697061044996  0.90599614565177999  0.91646378771033199
  0.92707154320845797  0.93770199937511456  0.94826778166348935  0.95900650038440527
  0.96952300054789375  0.98013680271672121  0.99002618360402128  1.00000000000000000
 -0.01632393436172756  0.09423307658622777  0.12870516686251729  0.15048031406886594
  0.16850931571475514  0.18402605681923759  0.19792769269386837  0.21064487283968944
  0.22247849136223838  0.23357632243735449  0.24402723531220821  0.25394152600568459
  0.26338159871307770  0.27246993928099661  0.28119326079600426  0.28967826100252930
  0.29788269882910434  0.30585896120209233  0.31364755691920349  0.32115230347936818
  0.32851338326051849  0.33569401840819635  0.34273959044383406  0.34972328597089519
  0.35659654731695484  0.36335884031745436  0.37004681192325967  0.37662892298600925
  0.38307387671865112  0.38940931853525651  0.39567187198184406  0.40185814929506869
  0.40800970399703207  0.41416747365601841  0.42024606758273952  0.42627761775076467
  0.43227829965573844  0.43824108885502733  0.44415817229737131  0.45005729600782052
  0.45596425629783699  0.46184445150101572  0.46770503450391465  0.47356928887959154
  0.47943256149655888  0.48529388581318705  0.49113804598757282  0.49697299312774645
  0.50280324485347982  0.50865961264734716  0.51450400097985027  0.52035166707443614
  0.52620533433590899  0.53206224948813141  0.53791951521880599  0.54378827742590785
  0.54968203577893182  0.55558165602510778  0.56147814838937915  0.56739839989217933
  0.57331998071810142  0.57927744421127358  0.58530344863125683  0.59143758382908884
  0.59763115862775051  0.60389054860184777  0.61027564602392992  0.61671195161889814
  0.62321067705057942  0.62979314510030349  0.63644156544976394  0.64313132987256871
  0.64991038812684854  0.65680275992772785  0.66381782402981393  0.67104586384469223
  0.67844664005665123  0.68596396456028097  0.69367848027576084  0.70158752750504416
  0.70970882415403203  0.71815762854516618  0.72688611705017692  0.73603171258499167
  0.74553444461131047  0.75546865477671299  0.76588434999477650  0.77690112010138712
  0.78862122186025763  0.80122358026903739  0.81501973107119363  0.83040829292832696
  0.84833114327809422  0.86985245974837333  0.90380249854936645  1.00000000000000000
   7.5725098188420621E-005  -1.0000000000000000     
 F T T F F T T F F T T F F T T F F F F F F F F F F F F F F F F F F F F F F F F F F F F F F F F F F T T F F T T F F T T F F T T F F F F F F F F F F F F F F F F F F F F F F F F F F F F F F F F F F F F F F F F F F F F F F F F F F F F F F F F F F F F F F F F F
  <DiscreteSampler_grid>
  grouped_processes
  1 # 1 for a reference and 2 for a running grid.
  10 # Attribute 'min_bin_probing_points' of the grid.
  1 # Attribute 'grid_mode' of the grid. 1=='default',2=='initialization'
  0.0000000000000000 # Attribute 'small_contrib_threshold' of the grid.
  0.5000000000000000 # Attribute 'damping_power' of the grid.
 # binID   n_entries weight   weight_sqr   abs_weight
    10   10   1.104354948476663E+013   2.232905049465884E+026   1.104354948476663E+013
  </DiscreteSampler_grid>
