  0.00965343866140463  0.01535172998024809  0.02423107523622979  0.03440919478759576
  0.04443780150570280  0.05453410046561566  0.06465545592701369  0.07477090074364096
  0.08491893986110749  0.09517761019667886  0.10552529046894966  0.11596899017906565
  0.12643137589169176  0.13686402355777677  0.14735017231202410  0.15782065435713943
  0.16831837656873330  0.17865423861562635  0.18903320887162248  0.19957138100063088
  0.21006872039112762  0.22066937159541739  0.23113146723320871  0.24180087233905104
  0.25236071894135842  0.26293050690374020  0.27358077446461432  0.28436441202307627
  0.29496223572734087  0.30553261607564342  0.31597673604242904  0.32632863399156575
  0.33658100395590040  0.34678832078884148  0.35692740240781623  0.36697687152593439
  0.37708176190534731  0.38741175496485136  0.39788246377327097  0.40830640267053164
  0.41868706563618785  0.42907290726520914  0.43942870227594300  0.44966403436498353
  0.45978975971127711  0.46987487052726462  0.47996653673319334  0.49011915356178970
  0.50038697365716123  0.51086857249097239  0.52136759421085943  0.53180693542299751
  0.54228028119375726  0.55277040806850963  0.56324826149596996  0.57375020245204822
  0.58431136694636654  0.59504491326677811  0.60579291132987412  0.61645885053342220
  0.62711087866280046  0.63768591635074412  0.64814581936556637  0.65850925752840672
  0.66889109060140306  0.67938456201921571  0.68990151701144953  0.70041118857236495
  0.71085340492641180  0.72120315780018884  0.73149804841422938  0.74171327705933698
  0.75195052512425431  0.76215986680436387  0.77237849413698934  0.78271389674946334
  0.79309648546228251  0.80343171512940592  0.81375854849052698  0.82412919136507534
  0.83467194106841858  0.84524564119394829  0.85590284871672750  0.86654482246229836
  0.87699912026998528  0.88712036317523502  0.89729791574437689  0.90749573419489105
  0.91775851193692648  0.92796381483882140  0.93819495816572229  0.94858461171398256
  0.95897025991725426  0.96945469748950253  0.97990525088324432  1.00000000000000000
  0.00943474679271298  0.01648667935636798  0.02508582897098381  0.03597096439782443
  0.04639764302627244  0.05695343619871880  0.06742439967303275  0.07781763845984298
  0.08834583327586726  0.09875202164079241  0.10914949701969057  0.11936896681391129
  0.12974016674079206  0.14005158582221253  0.15039251021484590  0.16073551735819558
  0.17117689127030408  0.18164490702455022  0.19221775010487829  0.20285979583258060
  0.21358429983974722  0.22407283327482677  0.23455450953647911  0.24496545403674147
  0.25542495624948830  0.26597701691233422  0.27651261586858372  0.28707173264853880
  0.29755849621086489  0.30799598341927248  0.31849850644693084  0.32891070601787953
  0.33929290065897139  0.34954775896093754  0.35987688543321539  0.37009721546701069
  0.38029644626377257  0.39045456837720099  0.40058822621216500  0.41079046314329171
  0.42109490387031473  0.43149650535452677  0.44180215141027140  0.45188184467387793
  0.46185885049225872  0.47180374191190083  0.48169752234261232  0.49167617003726088
  0.50189836660490295  0.51224770345680670  0.52256423593905887  0.53276270078466614
  0.54281516926572004  0.55285704430494886  0.56293417800718792  0.57318299212846346
  0.58344474272235947  0.59363703244452193  0.60390621612691997  0.61411820324266075
  0.62422743699513950  0.63432019018103336  0.64448367631122905  0.65484167575279695
  0.66530954791508834  0.67584504005369928  0.68638952439456824  0.69677930056266413
  0.70711654171782767  0.71758371297042700  0.72801181951212013  0.73830333012230898
  0.74858551409507257  0.75903100188215489  0.76958605657482804  0.77999190571975840
  0.79030590592279326  0.80072295581321207  0.81118399927430307  0.82167678968635871
  0.83221315870534907  0.84272306377462003  0.85321162892556623  0.86363889405306349
  0.87407474095848026  0.88448427628736193  0.89490621104143087  0.90542523900392724
  0.91601344514583294  0.92658055332043998  0.93712418276514575  0.94772926424173165
  0.95837960527722366  0.96901439593568806  0.97962476623191352  1.00000000000000000
 -0.00236003087050850  0.00929397297818922  0.01938243952150621  0.02959717088055065
  0.04000657977304663  0.05033692973032396  0.06067684788078036  0.07112416694383029
  0.08161631137586739  0.09236327828636057  0.10293349013757946  0.11367044361413958
  0.12434398962330036  0.13523189415845027  0.14594272251569945  0.15686874328094177
  0.16773012783029126  0.17859440501732057  0.18931675407759899  0.19987998691527370
  0.21043014843895161  0.22098318476473183  0.23165053219726375  0.24221842663391405
  0.25270378513003450  0.26314906360968110  0.27361142993177212  0.28398423977539994
  0.29439549763993450  0.30482324771108943  0.31533994952939282  0.32574845207116970
  0.33606450534119625  0.34622524152944656  0.35647980052697603  0.36681693746655580
  0.37728853149002883  0.38782086306378327  0.39847558210871165  0.40904423441335341
  0.41948383310606524  0.42963651654345830  0.43978205082463101  0.44995853331243302
  0.46041085185996095  0.47101282744554568  0.48166332737353451  0.49238458818334202
  0.50325732034123238  0.51417984583933296  0.52495873223302369  0.53560411126383323
  0.54613221722976946  0.55652819564372469  0.56704092697379382  0.57737873900009751
  0.58771131622980288  0.59786983090145440  0.60805751399996044  0.61867194407828796
  0.62927159692992718  0.64005883534546693  0.65054832573077359  0.66097120211485982
  0.67142271749160343  0.68192431600472925  0.69232402566264273  0.70275692772618781
  0.71315252220744230  0.72382687020532710  0.73431758403108471  0.74483424356290562
  0.75542466946648723  0.76624652455206366  0.77717670314703580  0.78815368289477250
  0.79896474894657898  0.80972719739317567  0.82029860533215770  0.83116428524224562
  0.84196861733559003  0.85279921072893905  0.86335800622277359  0.87406250457302481
  0.88489508626816149  0.89596896046821728  0.90679753597339618  0.91761355903794162
  0.92819840601436743  0.93849700428358507  0.94868967239086588  0.95881833882251621
  0.96926639397371395  0.97960858014900976  0.98985118150095419  1.00000000000000000
 -0.00253682884064432  0.00951631399640930  0.01982313727866960  0.03050170802708025
  0.04117269803768795  0.05160683448665143  0.06206693172646116  0.07271131656982857
  0.08338490952556502  0.09396973857844138  0.10448575221950003  0.11502522950290912
  0.12563427167267160  0.13618291560566306  0.14677161871380259  0.15720630014042861
  0.16764747917606532  0.17788913354557279  0.18820874604830232  0.19841359460502844
  0.20866585300698759  0.21903287074791220  0.22939420995614090  0.23991275864831524
  0.25041654383301393  0.26119815058456208  0.27185064689259586  0.28253816180834335
  0.29328384401599733  0.30420842854262437  0.31510850634935006  0.32567674599971047
  0.33637763116728786  0.34700081214718104  0.35761736306408076  0.36823193156569156
  0.37896813039005389  0.38988552817386785  0.40081036411254622  0.41159747177052552
  0.42230181085660273  0.43287296227379729  0.44336380070827502  0.45370128584244407
  0.46398137497665082  0.47439116703574630  0.48481339588663386  0.49517572616423527
  0.50550906176750698  0.51593965282733734  0.52648212272118222  0.53720589840169863
  0.54782613444009698  0.55855327420992229  0.56932086076672950  0.58013072400448706
  0.59091135491472968  0.60163240046732758  0.61220742917309945  0.62276881310976817
  0.63325762638418381  0.64368147571418366  0.65429623636504064  0.66492034750061935
  0.67558789034333133  0.68613534826235389  0.69673756005426657  0.70734675353291943
  0.71768228433732539  0.72792026392299680  0.73815822983108814  0.74840476610521600
  0.75867557001528496  0.76915252478836782  0.77970639623872440  0.79036070485999943
  0.80082257852501026  0.81110798692746200  0.82129882038532676  0.83141031894599771
  0.84185607947795849  0.85241085941160788  0.86294170989020524  0.87361469408474401
  0.88421194428448124  0.89492893667365214  0.90529543422696479  0.91559755355962957
  0.92593101935545552  0.93610913570014598  0.94646115280925747  0.95705573607300065
  0.96793568705052135  0.97882580041927558  0.98942925964824735  1.00000000000000000
 -0.00240200303089950  0.00959665140583131  0.01969140345322306  0.03010205428126187
  0.04040876908784416  0.05134851600612796  0.06225802897526850  0.07272297709012251
  0.08287509145564566  0.09321714913567659  0.10371877715980921  0.11425189010303954
  0.12472215749914534  0.13527999205245358  0.14571671150412985  0.15617265717685588
  0.16658542014355754  0.17709549493844087  0.18761188107368254  0.19843175177694131
  0.20907065846526640  0.21997242933046990  0.23072548790509415  0.24138584136001529
  0.25214759791590041  0.26282211178841069  0.27340512392477201  0.28379832847734027
  0.29417659532110302  0.30468471817698922  0.31511032561514624  0.32561622165236837
  0.33611949644387040  0.34656088567132243  0.35696050850610761  0.36743492371304015
  0.37797584459856903  0.38863428031319680  0.39936264208077310  0.41012820957327889
  0.42072397124221617  0.43119557261408520  0.44155059949904840  0.45193609706139931
  0.46239178353860055  0.47276195023082257  0.48333172401437613  0.49385292840650469
  0.50452380576874212  0.51501606829222857  0.52531749982881104  0.53551376570205156
  0.54580348270037271  0.55641804959231023  0.56707554129705195  0.57771420023512909
  0.58825249047811745  0.59887740304074011  0.60971663273046950  0.62054072410950767
  0.63120981460531267  0.64165300596249131  0.65212980596021342  0.66262600511566194
  0.67311734694704795  0.68376500396764295  0.69440432792061901  0.70511583914539988
  0.71568602304952988  0.72642839906776802  0.73714398856827790  0.74782445263292141
  0.75841607379257003  0.76886860124766299  0.77930340731355163  0.78959452095866522
  0.79990427955389654  0.81036194423849739  0.82093375253100287  0.83135949294650036
  0.84182632407776525  0.85221473783584989  0.86262259485277182  0.87301532570107243
  0.88356144596780783  0.89406507104649857  0.90450275092051091  0.91485739953642320
  0.92554655512397566  0.93625419569401169  0.94681094411704836  0.95736099190378632
  0.96787823053180477  0.97858588579476957  0.98922512041542310  1.00000000000000000
 -0.00250219851292062  0.00973863755924531  0.01993477012674858  0.03060113204514711
  0.04149542901076006  0.05202224451826334  0.06243826286399842  0.07283632305654483
  0.08336123818698971  0.09386610480285709  0.10430089787863890  0.11497427825659991
  0.12575680332470279  0.13634178102308270  0.14717351676456170  0.15785009632189156
  0.16849554074025869  0.17876017516429807  0.18934453120194147  0.20014958946882488
  0.21109618278397124  0.22157923957879747  0.23206743912410760  0.24264058771548519
  0.25330364051336118  0.26389724490447525  0.27434092465325932  0.28478153504307108
  0.29535360545640998  0.30602628352490246  0.31684304543706326  0.32756834812101582
  0.33831662202963103  0.34900501701552805  0.35989499382075996  0.37081225551470215
  0.38167657266380373  0.39244484829284376  0.40319803587099379  0.41398594928153759
  0.42448875297576416  0.43488344245823124  0.44541564139617079  0.45609671698484672
  0.46696115244042002  0.47762330103670425  0.48811782425527089  0.49854853194148935
  0.50904855128627158  0.51973684414432542  0.53044404566108672  0.54110724026882606
  0.55163148140899909  0.56211079352544324  0.57258142707416471  0.58300908246419580
  0.59335090960019943  0.60378869796777068  0.61426310055440358  0.62472476800524124
  0.63496239507791052  0.64517937085030708  0.65535006767264870  0.66554090011785216
  0.67568174295426431  0.68582073918100639  0.69601428524283737  0.70634331531091099
  0.71667694199769083  0.72699794943576912  0.73732338404566677  0.74782179375042857
  0.75837425794781099  0.76894182506707853  0.77945655327633201  0.78998717202602109
  0.80045575247655243  0.81095555752106452  0.82135491686743212  0.83179556448439274
  0.84210333482290223  0.85239047013100644  0.86276294688059529  0.87320356056880777
  0.88378612480946939  0.89440715411561167  0.90508989259079309  0.91565858852875037
  0.92614128949225438  0.93670695551326666  0.94725224855413725  0.95775418535639678
  0.96826540863023236  0.97893554638643543  0.98944220998219157  1.00000000000000000
 -0.00241252611683784  0.00972352499369230  0.01972161677433338  0.03011234198473967
  0.04075588880386717  0.05128442817728793  0.06182795346413041  0.07243414672055293
  0.08299101981874064  0.09317553640914694  0.10329930688668169  0.11377989054016949
  0.12420709320374557  0.13466402485156240  0.14519098447187079  0.15585943308322411
  0.16652291834787034  0.17717847090822028  0.18771575187920450  0.19838255747467459
  0.20905969278884168  0.21989644228100155  0.23066508433724564  0.24123179746856777
  0.25189881503003220  0.26249280477114806  0.27305913195282133  0.28331965564817096
  0.29349095045807627  0.30376106633224453  0.31400527409255635  0.32433796210899346
  0.33460757031854443  0.34497662257408268  0.35519987758687549  0.36539070062207291
  0.37569623530691448  0.38610577501621146  0.39655061100412431  0.40690497448541407
  0.41724838882005044  0.42769620673152781  0.43824697979214638  0.44888864666707184
  0.45944440305793921  0.46989151984742006  0.48036247686295663  0.49081162173576509
  0.50132554649412608  0.51176867593642017  0.52210755104297712  0.53259928417632529
  0.54327991315543900  0.55416706157067674  0.56492836204295893  0.57562505963695543
  0.58624321793024925  0.59704577591577856  0.60774915852297351  0.61844184357263177
  0.62901942853521964  0.63968114501077511  0.65032265386518806  0.66089346751207390
  0.67156561497606693  0.68215812392866626  0.69276741881727144  0.70317913203636617
  0.71365891625743294  0.72403592944401363  0.73455154521970789  0.74514407551623463
  0.75579933198174354  0.76643733246198975  0.77718315303088803  0.78791387935741874
  0.79849801116436747  0.80901085682953833  0.81951174547984584  0.83008558514612230
  0.84080194004489628  0.85149838753840013  0.86210213504463151  0.87274778524862573
  0.88359079251568640  0.89479274565816069  0.90534779740436511  0.91592550995984445
  0.92636784635899472  0.93694950335505922  0.94747240609847738  0.95785496205101217
  0.96837991906190402  0.97887591713518285  0.98942188705700673  1.00000000000000000
 -0.00245182892089823  0.00957846023943889  0.01963913305139424  0.03025715179884547
  0.04087275750211379  0.05165573611748669  0.06224669283153694  0.07276035206646062
  0.08319679549168844  0.09405481305127576  0.10479263576078407  0.11567780686070145
  0.12645223905513903  0.13732366799813189  0.14799647152422721  0.15838063816280498
  0.16886063740381932  0.17944717954683390  0.19001437599820364  0.20051089518573623
  0.21094382111896379  0.22137779399500690  0.23172089848337912  0.24201970388254679
  0.25217669450273872  0.26225551762893867  0.27235491938993112  0.28263631694448671
  0.29306021568566687  0.30363091108407786  0.31419830498473467  0.32485463983514246
  0.33555923653851311  0.34621279573311897  0.35685736255250700  0.36763541875010958
  0.37833810638985843  0.38906478460960281  0.39977099905878555  0.41078883829299734
  0.42170376016156252  0.43265500946852453  0.44353816644947330  0.45450217780315944
  0.46530734521807110  0.47595316683254918  0.48650802715415115  0.49687719663396235
  0.50747755417219342  0.51809247918237789  0.52878609903696783  0.53936824629137270
  0.55006361464758780  0.56084017263068087  0.57151721530884103  0.58187084624155549
  0.59213142631491067  0.60241317667843308  0.61272157387576531  0.62298047216397956
  0.63319960190878599  0.64353838521210383  0.65389772325805928  0.66431244216641550
  0.67474564110604285  0.68518020765222187  0.69567531143049122  0.70603595853127210
  0.71658113743121432  0.72724118061393583  0.73794091552654928  0.74855720962793337
  0.75904625571489337  0.76965235394508746  0.78017238347822426  0.79069040944784985
  0.80107106025081942  0.81140687740336637  0.82150280147595112  0.83159355388087230
  0.84193531081739059  0.85221670664765237  0.86257337869361939  0.87285318789011113
  0.88357348392319801  0.89416830206418885  0.90479087453819551  0.91527395410045187
  0.92595501944679481  0.93675169765211208  0.94733068478716709  0.95788156952534087
  0.96827594457495580  0.97884330126964336  0.98937382478876235  1.00000000000000000
 -0.00225730885897392  0.00971938897597249  0.01982908278536975  0.03023336873666466
  0.04056759733164830  0.05067727632175454  0.06092512202065908  0.07117777352437431
  0.08163286230913432  0.09197967422398273  0.10247682743848606  0.11322029221201793
  0.12398681972163321  0.13454792070431451  0.14495841994297048  0.15570024795638907
  0.16629757122685015  0.17701021317961113  0.18742004501996212  0.19814521439657945
  0.20877492171621825  0.21939194370664039  0.23005750167057359  0.24038646077477357
  0.25065266496337857  0.26114016468165030  0.27172602760343528  0.28226751659495108
  0.29275535054863172  0.30339051789026961  0.31390632412053254  0.32416063408234158
  0.33448573295331380  0.34510771671976320  0.35578862473157435  0.36643761791135898
  0.37706771473276179  0.38767952762932545  0.39823102696258411  0.40873933456506795
  0.41929686772286895  0.42986872112302149  0.44053058243850979  0.45106572693136537
  0.46164420981317411  0.47211828511729914  0.48269098849039760  0.49321954870719042
  0.50387683916155301  0.51469569596107323  0.52541176247268095  0.53613632834807701
  0.54659474045338563  0.55695641028264276  0.56731178681226946  0.57779676169074579
  0.58838770218489223  0.59891475087531199  0.60932112586376208  0.61969057262762273
  0.63006263522535788  0.64055798901723815  0.65118498946264514  0.66193829183078701
  0.67273608680978281  0.68369438448902220  0.69448557722196924  0.70526559936266831
  0.71586027019737652  0.72642182382527154  0.73690724305750832  0.74737468113993355
  0.75786056807704461  0.76846617549141893  0.77890504621173284  0.78940121994742118
  0.80002866858969257  0.81067415368837725  0.82132328462971027  0.83167988493381240
  0.84243779524790741  0.85324635217549694  0.86390290685790916  0.87460633236196583
  0.88524981223278010  0.89591059524193684  0.90626775454570607  0.91661206362827785
  0.92715661941970384  0.93767691607026704  0.94812039659690794  0.95862533931291127
  0.96901746357897789  0.97951083571055397  0.98971787007567669  1.00000000000000000
 -0.01681275090597861  0.09494122156863991  0.12930975671959200  0.15095606619924545
  0.16888323648837078  0.18434295709109361  0.19825286824216964  0.21095188163161288
  0.22271092446771804  0.23370474613319167  0.24410293108115005  0.25400321433475193
  0.26344819713710710  0.27254021684425306  0.28123191142051646  0.28969867886455686
  0.29786829916196150  0.30579159935809053  0.31354146639364855  0.32103406664272349
  0.32843704470438617  0.33565584129036818  0.34272792824146392  0.34972682587644960
  0.35661438930989664  0.36336730230013425  0.37000023795164327  0.37651928462317563
  0.38294703537685459  0.38933195901068840  0.39569039995348304  0.40196663655822523
  0.40816880772045033  0.41433375062598682  0.42040556696418457  0.42641106917483712
  0.43240293642322808  0.43840669718146480  0.44439393433493801  0.45037056990568325
  0.45630330203857539  0.46219569608635652  0.46806526251851377  0.47391790994800576
  0.47975865444115939  0.48558316142355984  0.49140339300490976  0.49721093365149371
  0.50302824306944616  0.50884996219493095  0.51466391987227300  0.52048275995451432
  0.52632289794267739  0.53219179834498642  0.53807734542556407  0.54396976378370565
  0.54986012836115716  0.55574422530716450  0.56165042170513191  0.56762149557294328
  0.57363619204147875  0.57970904224763997  0.58585855617336868  0.59207542870090768
  0.59830276612679223  0.60454217436149493  0.61089231709945568  0.61731771758635501
  0.62382031139369842  0.63040218792273650  0.63704248261635488  0.64375211340690441
  0.65058629224372289  0.65755032499266053  0.66461520282951647  0.67184011326617088
  0.67923415312245317  0.68672426150516952  0.69445877129322164  0.70236174234439508
  0.71052710699759758  0.71899565540671195  0.72764507503390008  0.73666644149886307
  0.74603869170202930  0.75591154693683438  0.76632410935364126  0.77735228511330035
  0.78912463192316973  0.80178054136656640  0.81563161338749091  0.83107318856902790
  0.84902772949040062  0.87074403147626112  0.90529981088508960  1.00000000000000000
   2.6382056615548393E-005  -1.0000000000000000     
 F T T F F T T F F T T F F T T F F F F F F F F F F F F F F F F F F F F F F F F F F F F F F F F F F T T F F T T F F T T F F T T F F F F F F F F F F F F F F F F F F F F F F F F F F F F F F F F F F F F F F F F F F F F F F F F F F F F F F F F F F F F F F F F F
  <DiscreteSampler_grid>
  grouped_processes
  1 # 1 for a reference and 2 for a running grid.
  10 # Attribute 'min_bin_probing_points' of the grid.
  1 # Attribute 'grid_mode' of the grid. 1=='default',2=='initialization'
  0.0000000000000000 # Attribute 'small_contrib_threshold' of the grid.
  0.5000000000000000 # Attribute 'damping_power' of the grid.
 # binID   n_entries weight   weight_sqr   abs_weight
    10   10   2.474141174322098E+013   2.131296757857343E+027   2.474141174322098E+013
  </DiscreteSampler_grid>
