  0.00965372751753242  0.01551161299304694  0.02474672660100482  0.03560510047771604
  0.04626085592907202  0.05691253806035007  0.06736668836206164  0.07770643301069154
  0.08802088729633083  0.09833868474713650  0.10859672457225590  0.11868276646265175
  0.12883746945076061  0.13900524533704664  0.14922302805505999  0.15934626450895914
  0.16959488252418997  0.17992992127271559  0.19039847015964251  0.20080747108963562
  0.21132727950965471  0.22209830775482414  0.23281443599904300  0.24335779343834532
  0.25390816273047406  0.26454806845029688  0.27506346162063888  0.28528196563529523
  0.29548427903969193  0.30581679947996265  0.31624243629691262  0.32681423780263552
  0.33742679900611089  0.34820236740678351  0.35895663800440880  0.36974997710194180
  0.38038004536136172  0.39091410866254761  0.40136539327269860  0.41177548650692647
  0.42199104950784372  0.43217671067257435  0.44232125231046016  0.45247444941546294
  0.46260071412225828  0.47270498546082790  0.48298626330585770  0.49335175718349633
  0.50365330542917119  0.51382661676063923  0.52384954335147305  0.53395376088650182
  0.54404687315209088  0.55420511085330793  0.56445580012423779  0.57471622254480281
  0.58495056620035268  0.59513897421840734  0.60544440549753131  0.61585423055904454
  0.62633801106134501  0.63689181754858237  0.64737686616770285  0.65772579868173964
  0.66795094031938473  0.67813609064053870  0.68838079126618390  0.69866625777338442
  0.70903409981778132  0.71956265051800972  0.73018686081313744  0.74086624107247956
  0.75137740684830912  0.76175960710740254  0.77205774993992482  0.78222129202370061
  0.79237245552807700  0.80256006050652062  0.81280926576556922  0.82319599388657683
  0.83359743886054938  0.84412398360897134  0.85460672426733675  0.86509749054662688
  0.87567545678910463  0.88622117844251247  0.89666236586270320  0.90697145519194244
  0.91734929476523042  0.92777955155136094  0.93832794435511491  0.94890532626920521
  0.95956675137093772  0.97010859262953975  0.98050114070865479  1.00000000000000000
  0.00958968833531098  0.01570572371116151  0.02506090838586239  0.03599741923418309
  0.04665499320440729  0.05743197113498773  0.06797011156883989  0.07831345464155434
  0.08874789271169622  0.09926684776261542  0.10972470912182430  0.11990668913695283
  0.13019605413138588  0.14062652891943911  0.15122475056242546  0.16175733410192306
  0.17214831411983864  0.18238575878091326  0.19258218197839472  0.20295907273068287
  0.21349023050303917  0.22409086031799680  0.23471637512736887  0.24531703552004341
  0.25576234302354089  0.26602413402435560  0.27642822359128300  0.28697566304627958
  0.29748045118057237  0.30792681749076939  0.31834935007326925  0.32897586556714836
  0.33953039271442159  0.34999387090749867  0.36045940870689086  0.37084756401185837
  0.38125385720784222  0.39154395161766975  0.40179119432107058  0.41218083931603888
  0.42251223390764808  0.43280059652825920  0.44302685181670481  0.45333409782040995
  0.46362698392979368  0.47389343999332745  0.48418241914745680  0.49456662905392357
  0.50502940695385989  0.51566550733791794  0.52647272183725113  0.53723280830236841
  0.54796748915217119  0.55880542626646335  0.56959004529820567  0.58046258165117992
  0.59151226395303036  0.60271936811985238  0.61368383460268050  0.62452293579855078
  0.63537295918164105  0.64634993859942069  0.65714614772833835  0.66816367803136234
  0.67895518739953475  0.68972269670908515  0.70026902395009227  0.71074355176202697
  0.72104090312045999  0.73141090284780896  0.74168361250123582  0.75202164473196331
  0.76220904617235186  0.77240658767889114  0.78286752735877241  0.79335551557247053
  0.80394022913915641  0.81443136643210257  0.82510716871126411  0.83553351478214699
  0.84588098489932939  0.85620628355990913  0.86659853078911020  0.87697694101109791
  0.88721985526566693  0.89756083584657009  0.90796852288074836  0.91822953761399229
  0.92826980557901806  0.93822414837700840  0.94828638915820018  0.95852683628933200
  0.96896971932883225  0.97957671292598425  0.99149034589039065  1.00000000000000000
 -0.00253489470019740  0.00947485661295519  0.01969463444755852  0.03032964485596934
  0.04096277408743799  0.05157213009059142  0.06232163594585349  0.07309851587545832
  0.08386134607549352  0.09438829546391528  0.10488820317485086  0.11520248872526793
  0.12548867912131254  0.13585430401068394  0.14621657811966279  0.15655845545783464
  0.16695621496310614  0.17778649338502123  0.18860630431876474  0.19913500724473790
  0.20978263828904004  0.22055781786076911  0.23135054995745305  0.24205832621377696
  0.25268587248068358  0.26345518252238287  0.27408038562813253  0.28455473235082324
  0.29471489697774433  0.30479299502993723  0.31501585170001561  0.32539727365515941
  0.33572572557052149  0.34612836785143325  0.35650560728410796  0.36688589307796493
  0.37742322477669327  0.38798412040256458  0.39855266595353822  0.40911496993271995
  0.41989365502711906  0.43070097538664498  0.44120810608794248  0.45153525083639467
  0.46195097050612904  0.47237863376675621  0.48266811779726626  0.49304306921694935
  0.50366322840111455  0.51457495383833962  0.52518783986026951  0.53561223541471481
  0.54600983959823601  0.55640564852085561  0.56675623594323987  0.57706600409373154
  0.58742056453558877  0.59795131450273786  0.60856825721441210  0.61937678222086123
  0.62997088865189366  0.64047204104535604  0.65087521444798335  0.66127547428010347
  0.67175249362434875  0.68213156565638233  0.69268759067253993  0.70330837342409036
  0.71399768839751387  0.72473680446074440  0.73538610967006302  0.74602237251237180
  0.75651850842130619  0.76698345487004205  0.77745129564597482  0.78792402139784457
  0.79841022904983272  0.80895153750435655  0.81938936698186382  0.83003701793499984
  0.84056822172536094  0.85119409276912517  0.86154558552687699  0.87190566521872204
  0.88243020112100989  0.89298756113038136  0.90383600859206070  0.91479402540569388
  0.92551194864987785  0.93609325589017589  0.94650281910536771  0.95733905547009968
  0.96820422359896130  0.97897629628126337  0.98952117639742421  1.00000000000000000
 -0.00257273942770692  0.00976117982323113  0.01981243094629376  0.03041272795434579
  0.04086733905385120  0.05183615119764606  0.06292033641217448  0.07379360577753113
  0.08468121493411379  0.09513663159687474  0.10546646143881629  0.11563809197485683
  0.12588209581891013  0.13633539986633805  0.14666059415319757  0.15711506289046279
  0.16742692212074201  0.17787887180952103  0.18839725710483682  0.19910933038288539
  0.20963865237208840  0.22020655497997860  0.23076676929386755  0.24140788636035787
  0.25214968027210022  0.26286807464106543  0.27349812911356047  0.28398894635397592
  0.29453900780034031  0.30525174391327842  0.31586296409301856  0.32636472818183265
  0.33680498444709650  0.34722450850452796  0.35761385781907029  0.36794556545004831
  0.37835649658421244  0.38872880166183499  0.39905839495376361  0.40944840788140846
  0.41983206275007728  0.43020257638480336  0.44056408661551716  0.45107778041880847
  0.46164577030425202  0.47225151916356889  0.48281350855552974  0.49338877097369777
  0.50395761035648723  0.51456759351897352  0.52517895218946808  0.53579937772454600
  0.54631621837089162  0.55676199655462377  0.56736962912915423  0.57824835960546406
  0.58914949092716562  0.60001150814783466  0.61085897456672622  0.62166942248970303
  0.63230624080015285  0.64295718865960172  0.65345431919927532  0.66374289609581538
  0.67387185995925258  0.68399888445521351  0.69438962557661865  0.70502798877940320
  0.71582307740685602  0.72650072671250809  0.73692527024869015  0.74738830830801084
  0.75784417877628463  0.76838221935280482  0.77900582247357009  0.78956697578735757
  0.80024574396093373  0.81091060879773236  0.82164077311932993  0.83233624509726600
  0.84289713768456198  0.85350178545491173  0.86401556497109966  0.87456959284130686
  0.88475038046003807  0.89497679273153252  0.90513499991051638  0.91536560993982696
  0.92567885388869342  0.93593917853372099  0.94649673089472086  0.95701132320159898
  0.96768214412269093  0.97836523959530397  0.98916254798407988  1.00000000000000000
 -0.00238053714396541  0.00946209142063483  0.01956159104948971  0.02990334242132702
  0.04025218930949081  0.05049928081419282  0.06073720374072500  0.07097595403548201
  0.08131337749553456  0.09175950381028611  0.10214435945372514  0.11272496824808925
  0.12328355411082503  0.13391359671968059  0.14450316029836607  0.15520428650957938
  0.16579148037478730  0.17630305094628529  0.18682857739939224  0.19729925812895480
  0.20769847459964424  0.21810691947294844  0.22875164958230826  0.23945340500410078
  0.25020858048021161  0.26081843714294972  0.27149706206548163  0.28245599038087876
  0.29328724212245727  0.30404361045575146  0.31445799324367207  0.32501199635822575
  0.33562565318683241  0.34625183512867241  0.35685010610816342  0.36721539146490484
  0.37758086139406377  0.38806442287138626  0.39854455384514037  0.40899784305227055
  0.41930462673690100  0.42966915202820344  0.44001016785568242  0.45054120149560628
  0.46104661024657245  0.47157876827793649  0.48199392814180808  0.49253360303760008
  0.50310310250995749  0.51367787006493615  0.52421129678521383  0.53477529872472029
  0.54535624184497200  0.55592580194401742  0.56642317602954240  0.57700580728975992
  0.58753756592527484  0.59804971522648309  0.60857120418106436  0.61917640181426681
  0.62978879423377210  0.64042487681263960  0.65097555973721299  0.66159352311564656
  0.67218088539154497  0.68276621335137433  0.69322159450297827  0.70355574164675594
  0.71393911368262730  0.72441191723645870  0.73489604936052511  0.74540798826433019
  0.75606129531930455  0.76682333263118685  0.77756543424618429  0.78809875352728209
  0.79859337525352714  0.80892242825077576  0.81914179871604376  0.82930872051199678
  0.83987411053797778  0.85077647862953654  0.86187042611082654  0.87291528931606988
  0.88388962679407901  0.89484882710220981  0.90572772913133348  0.91647313647544437
  0.92702447573828117  0.93742056642977700  0.94802394153655345  0.95858318865391845
  0.96905835008832497  0.97944103565488017  0.98968769606833451  1.00000000000000000
 -0.00236622920754543  0.00924163137498897  0.01896576247874447  0.02953720712714068
  0.03978828116903065  0.05038276995885618  0.06089681440989555  0.07169110289371447
  0.08257028577501177  0.09324969311420647  0.10400916041956612  0.11441432489630692
  0.12483865279571282  0.13525629557379876  0.14561252036909342  0.15600473457382075
  0.16621795102886919  0.17670168701708930  0.18719873094317133  0.19776762512008317
  0.20840184299786560  0.21899171653901123  0.22968177010904184  0.24011175463970827
  0.25054689103628403  0.26086886674454718  0.27136214792567070  0.28188999539556658
  0.29243512351178014  0.30278069210290781  0.31308495757225829  0.32364249104213982
  0.33424809647798120  0.34477345633158224  0.35527265697192328  0.36582468401940027
  0.37644273719726007  0.38687525405399997  0.39732819916645490  0.40783885253602781
  0.41840767426156716  0.42881206829265739  0.43909924874316808  0.44932036970191891
  0.45961869440218966  0.47016820842833090  0.48069836579278030  0.49126379846363921
  0.50180524908755564  0.51234271776826745  0.52282268166474644  0.53329262085696305
  0.54377182843184213  0.55451200300865089  0.56520707081634036  0.57609335675688667
  0.58666122882821425  0.59718649153773296  0.60756328033517892  0.61820406197117417
  0.62875231622019201  0.63941912198644713  0.65000849246245995  0.66068754992840917
  0.67132644510443529  0.68190469076496651  0.69243881870975110  0.70276477866433751
  0.71314964698656869  0.72353665769575648  0.73399660660196508  0.74444516047316056
  0.75503557752854700  0.76573016144740980  0.77636956803860613  0.78682377761164912
  0.79716438221044605  0.80760744417257169  0.81821677888453159  0.82903263728247523
  0.84005127986773265  0.85117154390028460  0.86201612109677606  0.87269417931179361
  0.88349195233008626  0.89436092382246746  0.90522333132156352  0.91589037405817231
  0.92674124767487587  0.93746805494039065  0.94797573826873560  0.95847638064151730
  0.96875419975599042  0.97909179521188627  0.98947867400270262  1.00000000000000000
 -0.00226174933840046  0.00942968883914230  0.01940520840087585  0.02993303016155024
  0.04035733706135546  0.05112381104932566  0.06163604565249696  0.07226268775085791
  0.08269298675955152  0.09335408886107402  0.10419205093726992  0.11489219278500747
  0.12570466698691241  0.13641018101308827  0.14714102844803822  0.15763202764618733
  0.16801820640085555  0.17852441236815475  0.18909142019813244  0.19992826163834918
  0.21056965808326925  0.22110246457352084  0.23151755116724765  0.24204261028379512
  0.25260516784974557  0.26300810720934464  0.27326429190723039  0.28359690814927452
  0.29404954831877794  0.30445145381560534  0.31488873621085373  0.32528617048933667
  0.33578206488844975  0.34606860622189162  0.35640674260001415  0.36690967220367765
  0.37739649304934442  0.38777740064673688  0.39838799712547501  0.40922547562708061
  0.41996475518736698  0.43027211523021303  0.44066852222575764  0.45120240499192138
  0.46178869075085127  0.47203156712802707  0.48216867139601072  0.49259380671850533
  0.50317550883097972  0.51407465312327560  0.52505247950705602  0.53609077009347761
  0.54682200372899892  0.55746226975671531  0.56812319473249351  0.57877145116085527
  0.58922022371369454  0.59964246629077611  0.61008318912336579  0.62067577341058233
  0.63151872068885040  0.64232969104510396  0.65285071956699514  0.66341619978676891
  0.67395680896380816  0.68460972424162803  0.69511297975742681  0.70561617680782907
  0.71613322103216770  0.72671644715400163  0.73737246519012067  0.74810942627951627
  0.75872502680653697  0.76929125065051829  0.77967788156499285  0.78997033289432417
  0.80036626611499462  0.81088808636374943  0.82138670681475345  0.83192785688547732
  0.84257586550318675  0.85323763156577159  0.86382520390359574  0.87444189998147237
  0.88517405524411741  0.89594686227840215  0.90656135401438476  0.91709522297532298
  0.92738465717228913  0.93777730436972428  0.94809828891746861  0.95853738760678675
  0.96881600776285248  0.97922995268112945  0.98961163805352337  1.00000000000000000
 -0.00210587241840846  0.00984178296245404  0.01998247405433950  0.03084428808300677
  0.04164835994827186  0.05223915495972692  0.06285205734455490  0.07347746892852529
  0.08413470337641063  0.09457226958378852  0.10493480312004563  0.11561742463743432
  0.12620845319529900  0.13701703640691740  0.14768498876168915  0.15821819095392597
  0.16864260657372113  0.17915880438409362  0.18973944384058461  0.20032906397022618
  0.21077319181047055  0.22138862397179071  0.23197277806726271  0.24263579968493071
  0.25311957210373304  0.26351144288072365  0.27406366135489785  0.28473290922186006
  0.29539712048640354  0.30583453450807707  0.31610170120344455  0.32656349031582682
  0.33711569662738794  0.34766749907432309  0.35818608907879901  0.36860226150125086
  0.37896268633404417  0.38938339920015447  0.39975696738155231  0.41053781422700386
  0.42126519434819820  0.43232576465430889  0.44310946143657676  0.45369800843600916
  0.46418023213328474  0.47481839951086563  0.48548946531046955  0.49613341075578254
  0.50684218299765282  0.51768740239308131  0.52842835028762436  0.53904435252717531
  0.54968446135587168  0.56030055327841888  0.57071896408942602  0.58103392524647535
  0.59118450095113628  0.60155163770601183  0.61195925512324023  0.62242207001580929
  0.63293477375044960  0.64350880761988760  0.65410290125750947  0.66462203055501567
  0.67514965695029827  0.68569823532445051  0.69601722319996462  0.70621709582925085
  0.71650020679100368  0.72678371381417806  0.73696534875971564  0.74724640398763464
  0.75770430322497639  0.76827576389966179  0.77875793549253802  0.78929818399861995
  0.79991087282293982  0.81044693382908040  0.82095196215291089  0.83142986987270862
  0.84191834191449899  0.85235243734272803  0.86284312476997593  0.87335275564803061
  0.88371250180812955  0.89403462161709668  0.90430093236911613  0.91466397277766809
  0.92512476868702409  0.93555725901680209  0.94620906969739338  0.95676336998877820
  0.96745885921135388  0.97808172059021403  0.98892317522862749  1.00000000000000000
 -0.00211386293893126  0.00998857155354872  0.02031899796372384  0.03090581252264192
  0.04149269012558714  0.05197690588709185  0.06235438644746338  0.07276713473920238
  0.08313178284640352  0.09356712852498253  0.10404022848135970  0.11461180226167170
  0.12517814251815446  0.13592085105709253  0.14662640767284557  0.15731902683689142
  0.16790689587027671  0.17848050515646610  0.18891596928657775  0.19931467914794285
  0.20983409505696460  0.22053312440801431  0.23124228044712841  0.24159321940551026
  0.25209342851745692  0.26241425124702150  0.27288780395830742  0.28311806612129237
  0.29331147176658473  0.30353816432687936  0.31393388154561791  0.32480353347084018
  0.33577888490232860  0.34671164793494735  0.35749827594113381  0.36829609751585701
  0.37890434956537455  0.38953798508602583  0.40024119076811038  0.41126587187809038
  0.42226354458185977  0.43305770766171270  0.44375448155080355  0.45436386042746996
  0.46496911593906731  0.47538273451008312  0.48563167863910678  0.49582634021222000
  0.50625499366914006  0.51671088340577798  0.52707196435569481  0.53735811412004286
  0.54756552046453921  0.55779231698454201  0.56785416139733824  0.57792164881523345
  0.58827761396545231  0.59882988979193741  0.60945685332254185  0.62010881951824692
  0.63091161023664488  0.64180117185757279  0.65259514933732310  0.66313718183806247
  0.67371716320552011  0.68430508396644485  0.69480912511892234  0.70530216680755387
  0.71589217939463146  0.72661510452793554  0.73721895001739313  0.74780654540028257
  0.75826039004841894  0.76889197619755811  0.77941487559375644  0.79002633695519764
  0.80062005668763592  0.81121807939811030  0.82193747249968618  0.83275551506071233
  0.84341359063886256  0.85394811991316166  0.86441455677261314  0.87506738364677150
  0.88569104055815573  0.89647815830258870  0.90707824669306458  0.91757870676877396
  0.92771239370263070  0.93789379797081818  0.94814490838279208  0.95830118603154846
  0.96853479194840486  0.97886602295452363  0.98943526341290644  1.00000000000000000
 -0.01672018480912632  0.09570679654941631  0.12993634756268646  0.15145742253363800
  0.16941425326809351  0.18478647461801515  0.19852696432928865  0.21108212947024577
  0.22281727338837942  0.23388238993420274  0.24436394139099102  0.25431846277219733
  0.26380544059451949  0.27293763202338056  0.28164970790244653  0.29010656853610922
  0.29825836939852157  0.30620692041052477  0.31398176538645478  0.32147944832969566
  0.32885636160729820  0.33605107674233153  0.34310605025327695  0.35005728392608471
  0.35686422199183421  0.36353925716973523  0.37013634550180430  0.37667928243232712
  0.38315941047762508  0.38959101784874023  0.39597589202849198  0.40223531696671216
  0.40842798361466098  0.41456627969199183  0.42064194356895684  0.42666245799430352
  0.43267088495158912  0.43865954698830334  0.44461752563088380  0.45054993838725543
  0.45644092520020946  0.46228960811938430  0.46811634862811619  0.47393683580203871
  0.47974691895405319  0.48553811182748385  0.49131732176840937  0.49709320296725618
  0.50288502231600840  0.50868762548402457  0.51451085823898146  0.52032924248686929
  0.52614219129472439  0.53195725668563509  0.53778509342699887  0.54364806097914209
  0.54954385593374144  0.55544976683137748  0.56137084433396744  0.56733262770191861
  0.57333644286137209  0.57935793387598122  0.58544641831837019  0.59160536596415647
  0.59781543577034379  0.60404567561342970  0.61036316104557919  0.61674001999265460
  0.62317404007241739  0.62970892598204042  0.63633716223503167  0.64306339959489567
  0.64993226925634529  0.65692140111838171  0.66398217395206915  0.67118038911319233
  0.67857625104362040  0.68610167519129150  0.69387381275927640  0.70183472336279817
  0.71002208529378574  0.71850695619357197  0.72722833629261596  0.73636798181926455
  0.74586390304754968  0.75580494735301706  0.76619846760107091  0.77720628716455131
  0.78897132180429141  0.80167164985470662  0.81556552682049277  0.83109032117375881
  0.84912912663457207  0.87080874584163692  0.90505108882633367  1.00000000000000000
   2.6255003771258796E-005  -1.0000000000000000     
 F T T F F T T F F T T F F T T F F F F F F F F F F F F F F F F F F F F F F F F F F F F F F F F F F T T F F T T F F T T F F T T F F F F F F F F F F F F F F F F F F F F F F F F F F F F F F F F F F F F F F F F F F F F F F F F F F F F F F F F F F F F F F F F F
  <DiscreteSampler_grid>
  grouped_processes
  1 # 1 for a reference and 2 for a running grid.
  10 # Attribute 'min_bin_probing_points' of the grid.
  1 # Attribute 'grid_mode' of the grid. 1=='default',2=='initialization'
  0.0000000000000000 # Attribute 'small_contrib_threshold' of the grid.
  0.5000000000000000 # Attribute 'damping_power' of the grid.
 # binID   n_entries weight   weight_sqr   abs_weight
    10   10   2.456577078576405E+013   3.427654334125801E+027   2.456577078576405E+013
  </DiscreteSampler_grid>
